TERYT Powiatu,Powiat,Bezpartyjni,TD,Lewica,PiS,Konfederacja,KO
326300,Świnoujście,1.2819394785035318,9.889247405598676,15.391994418766897,26.135868143367922,5.376297200662771,41.9246533531002
326200,Szczecin,1.4937301915392034,12.192365991456525,9.914565247347388,25.592761012355886,5.96940884663084,44.837168710670156
326100,Koszalin,1.50406852248394,11.989721627408993,8.877087794432548,25.649678800856528,5.769593147751606,46.20985010706638
321800,łobeski,1.6607431340872374,17.537964458804524,7.883683360258481,36.219709208400644,5.777059773828756,30.920840064620354
321700,wałecki,1.4522903010558543,13.37677120540095,9.534089570985595,30.22726380657063,5.950465125407231,39.45911999057974
321600,świdwiński,1.4595476801119143,13.43436698531126,13.140592212636978,35.63534623455351,5.945441827931919,30.38470505945442
321500,szczecinecki,1.7378185069289227,10.954962002682164,7.635784532856505,35.89349575324095,6.222060795708538,37.55587840858292
321400,stargardzki,2.2508351441637204,13.122304024908377,8.293062627704083,32.2398079979243,6.251418934258749,37.84257127104077
321300,sławieński,2.4861185742432386,11.55292853304675,7.8953967401038865,34.80566003940534,6.60576750850797,36.654128604692815
321200,pyrzycki,2.193343203377749,13.582277786916707,7.934419038219005,42.671492021714094,6.190711191533695,27.427756758238747
321100,policki,1.5970436323558015,13.684005791714391,9.052795366628487,23.400255008320187,6.189354483175935,46.0765457178052
321000,myśliborski,1.7271556421518446,10.967273207621941,11.386678114989596,32.55506753409729,6.036788745417919,37.32703675572141
320900,koszaliński,2.173586267023419,15.602922165769776,7.362534948741846,31.064546192466103,6.959684935213301,36.83672549078556
320800,kołobrzeski,1.1955411844792376,11.568243703199457,8.587899931926481,30.552246426140233,5.009785568413887,43.086283185840706
320700,kamieński,1.4542703429724277,12.958137188971083,8.759246805648957,30.981002017484872,5.682582380632145,40.16476126429052
320600,gryfiński,1.6857530807265646,11.508211000947915,8.25967770860554,36.24369123562114,6.266492455102093,36.036174518996745
320500,gryficki,1.4364990165776903,15.675049171115482,9.033436358527675,33.51362742343355,5.4509693734195,34.8904186569261
320400,goleniowski,1.710072541324771,14.67713164466643,8.607444404804376,30.560114163396364,6.642882625758116,37.80235462004995
320300,drawski,1.5390490738972693,14.99713576475081,9.417605499331678,32.87760168035135,6.916173381707084,34.25243459996181
320200,choszczeński,1.7284522706209453,11.784059314179796,9.448563484708062,36.06580166821131,6.149212233549583,34.8239110287303
320100,białogardzki,1.54297614539947,10.620976902688376,8.25444907232109,33.401173797803864,6.347027641045059,39.83339644074214
306400,Poznań,1.369651193910018,15.727794463112193,14.114008742454429,18.629456718903327,5.657616937762051,44.50147194385798
306300,Leszno,3.1264514630747793,14.732350209010683,12.140037157454714,22.95343706456108,5.930678123548537,41.117045982350206
306200,Konin,1.9762541118421053,14.396587171052634,10.819284539473683,35.60855263157895,5.594675164473684,31.60464638157895
306100,Kalisz,4.120505706891095,13.622060439048914,8.270802688662558,29.284823207403132,5.69758132087065,39.00422663712365
303100,złotowski,2.5138383436802347,15.376617021927277,7.327441206153093,31.685984280864858,7.186764121226949,35.90935502614759
303000,wrzesiński,1.7762572057927541,16.145662464263953,9.260908281389137,33.67389979847214,7.161269156863664,31.982003093218353
302900,wolsztyński,2.006569319327458,20.70961657289668,6.9628280594490874,30.71644606328661,8.465315945233991,31.139224039806173
302800,wągrowiecki,1.463495759188425,21.536670547147846,9.681800543267364,30.96069626919452,6.699373579466711,29.65796330173513
302700,turecki,2.6082408586501726,15.301528106239767,7.82699654356922,47.9557031107877,6.9287793341822805,19.378752046570856
302600,śremski,2.0198265179677817,19.083023543990087,9.587980173482032,31.815365551425028,7.763320941759604,29.730483271375462
302500,średzki,1.9260423910742903,19.218093308741267,9.439724246364104,31.478849817071325,8.320986907749523,29.61630332899949
302400,szamotulski,1.7153157343877197,16.35073845796023,7.506686824049308,27.445051750203515,6.34182269256115,40.640384540838085
302300,słupecki,5.5021262675825975,22.839385017991496,7.065750736015702,39.78083087994766,6.437684003925417,18.37422309453713
302200,rawicki,2.365795724465558,18.1187648456057,9.507521773555027,34.780680918448134,7.752969121140143,27.47426761678543
302100,poznański,1.875279116682323,17.59320572246947,9.963888076135332,20.795925281426612,6.219874647735497,43.55182715555077
302000,pleszewski,1.9049657534246576,18.303571428571427,6.953277886497064,40.771771037182,6.8676614481409,25.198752446183953
301900,pilski,1.864909867516108,16.47578368203866,7.847679722001014,29.99058857597915,7.227973648012743,36.59306450445233
301800,ostrzeszowski,1.91931330472103,19.800858369098712,7.172532188841202,39.41630901287554,7.464377682403434,24.226609442060084
301700,ostrowski,1.8421323453740868,14.173327387282312,9.142053445850914,36.832355665328805,6.928292911621099,31.08183824454278
301600,obornicki,1.8406470925418763,24.434749379020445,8.473982548882237,27.329469460543915,6.671549582829119,31.24960193618241
301500,nowotomyski,1.6076067245012988,15.478115963338727,6.401019457922855,27.488604616968093,6.739205018869774,42.28544821839926
301400,międzychodzki,1.6905277616355856,16.197369116170954,11.416345290295315,28.178984626763164,6.239104020286333,36.27766918484864
301300,leszczyński,3.2451354505030117,18.868460058658425,8.99113816266675,32.39143460847078,8.325711942981489,28.178119776719544
301200,krotoszyński,2.3300528752498293,17.264148556682773,8.123561110127255,39.646317706883906,7.260859665545071,25.37506008551117
301100,kościański,2.101300479123888,19.603011635865844,8.893451973534109,31.715719826602783,6.50467716176135,31.181838923112025
301000,koniński,3.0405702719352283,14.717357505353634,7.574290826952976,49.25782510487254,7.144533427205257,18.265422863680367
300900,kolski,2.0943857544863222,14.423121280620013,6.587627439221294,50.435945933477875,7.664806015592564,18.79411357660193
300800,kępiński,1.5710450432534555,14.460906168174736,5.664379702363196,37.09853833151039,7.228795863577607,33.976334891120615
300700,kaliski,2.4920574119555665,16.953200693990674,6.746130100718776,48.38106396881548,7.546021946328383,17.88152587819112
300600,jarociński,1.9185937458131248,16.058844020472147,8.282644229480962,40.464642675312845,6.7499129129933815,26.525362415927546
300500,grodziski,1.737792290657959,19.010621926960177,8.640168149232444,33.941372968509555,8.231055061366963,28.43898960327291
300400,gostyński,2.460673862233777,15.99044092544447,11.775519315108065,39.82510044906641,8.9235536647496,21.024711783397674
300300,gnieźnieński,1.5641958756304666,18.81376492370555,15.016280406052479,31.393730447551555,7.033135414671519,26.178892932388433
300200,czarnkowsko-trzcianecki,1.5219855203201258,16.980084657553256,7.4133185298267525,31.9362523997872,6.800360835472903,35.34799805703976
300100,chodzieski,4.27956036877491,18.334071419944443,8.510809613913603,26.043721566890778,6.348886831192882,36.48295019928339
286200,Olsztyn,1.5380783361355004,15.8550760736451,11.274051933495237,24.53037756605849,6.611038462336799,40.19137762832887
286100,Elbląg,1.1633000730104648,12.896892999107651,10.782834428490306,29.564370893161353,5.3232741137340795,40.269327492496146
281900,węgorzewski,2.4949231215549754,18.102697998259355,8.819263127357122,34.996615414369984,6.1599458466299195,29.426554491828643
281800,gołdapski,3.7003932785126925,16.017161244190202,6.632105827672506,36.52127279227744,5.890239542366822,31.238827314980337
281700,szczycieński,1.6702149989504933,19.45485621757774,7.622417463792018,38.001139464451704,7.049686647275781,26.201685207952263
281600,piski,2.6420132707557857,14.64233694772617,4.822786858715002,45.70318821815828,6.789124453795113,25.40055025084965
281500,ostródzki,1.432558903209917,15.655529102700926,9.128971348821937,32.757983745176915,6.657909859617436,34.36704704047287
281400,olsztyński,1.8933300334117065,18.2898156168791,8.592686548694468,29.097574557604254,7.336653879470363,34.78993936394011
281300,olecki,2.164779605497401,15.523748486790574,5.148472548600727,39.19390443637399,8.075197607348857,29.89389731538845
281200,nowomiejski,1.4331968383963434,23.973907246928864,5.089991429387678,43.61489381963622,8.175411865536615,17.712598800114275
281100,nidzicki,2.015232189795781,13.29783648985644,6.807306059176383,44.09247152389297,7.359978432297634,26.427175304980793
281000,mrągowski,2.240116503190988,17.42836338715895,5.86799160491712,32.860752987535875,6.904527348267443,34.69824816892963
280900,lidzbarski,1.9711485519215945,13.676907829534194,7.058693976434313,34.90804977425393,6.871489924017178,35.51370994383878
280800,kętrzyński,1.9729699374789411,14.260042679046087,8.569503200928457,35.67069746546367,6.585301935532177,32.94148478155067
280700,iławski,1.5424560477039189,18.566682069223493,7.045569564547714,37.04534952802165,7.699078046955794,28.100864743547426
280600,giżycki,2.759998520108032,16.56369085056791,6.892596840430648,31.647489733249472,6.5966184468533795,35.53960560879056
280500,ełcki,1.9150750781795158,14.542682138888171,6.642028273847983,37.50290750264906,8.531258884035871,30.8660481223994
280400,elbląski,1.5900383141762453,15.256704980842912,7.628352490421456,35.747126436781606,6.597701149425288,33.18007662835249
280300,działdowski,1.7230749261771101,14.797027614628288,8.099425641691274,44.115261057208684,6.983158646201772,24.28205211409287
280200,braniewski,1.380281690140845,15.9943661971831,7.746478873239436,36.670422535211266,6.783098591549296,31.42535211267606
280100,bartoszycki,1.4000314613811546,12.529495044832467,6.921503854019191,37.04577630957999,5.989460437313198,36.113732892874
266100,Kielce,3.971986084352201,13.143164988084042,9.467023384497383,33.17658445720756,6.109553767908179,34.131687317950636
261300,włoszczowski,1.9143345706301873,15.748425574508904,5.567835842682571,58.04312466113358,6.623013721483089,12.103265629561664
261200,staszowski,2.9273392577104027,12.686053869645363,5.183371392412028,57.1794095798828,7.44215478581451,14.581671114534899
261100,starachowicki,2.484830973707021,12.853110483853044,6.565465739114973,47.20067566065833,7.141110839463917,23.75480630320272
261000,skarżyski,2.4497503686266393,10.846677186538013,7.5458519802364385,40.94471893835528,6.0066740823136815,32.20632744392995
260900,sandomierski,1.3901113124514626,22.42557597721978,5.6148071447061865,47.8462334972819,6.57778928294072,16.14548278539995
260800,pińczowski,2.9955067398901645,15.072391412880679,6.170743884173739,52.43135297054419,6.35047428856715,16.979530703944086
260700,ostrowiecki,2.208915502328676,14.690618762475049,8.115198175078413,43.8133257294934,6.183822830529417,24.98811900009505
260600,opatowski,2.147154823233316,14.499193833811791,5.470132525856306,57.88666483149161,7.381336269613434,12.615517715993551
260500,konecki,2.403050579178358,11.849773364990288,9.199702616495191,52.34669160850901,6.161114708492218,18.03966712233494
260400,kielecki,4.01196612505124,12.573152969291016,6.075512179805856,52.445991086457866,7.789319448441874,17.104058190952145
260300,kazimierski,1.5752839174502382,18.830137989986568,5.0433508364879716,54.59152521675418,6.246183905238735,13.713518134082307
260200,jędrzejowski,2.3904650745196623,14.35401328784342,5.588974681271323,54.94478362363081,6.6259651643023885,16.095798168432392
260100,buski,3.2195071815822605,16.14892468974023,6.184639893111334,51.47614275803593,5.806932346668722,17.163853130861533
247900,Żory,2.193528786267659,12.252772292267963,7.264165274191098,35.82864955187605,8.449035394197175,34.01184870120006
247800,Zabrze,2.2208851450728706,12.76507554485894,10.262067121272898,30.403797299104156,7.32985693274502,37.01831795694612
247700,Tychy,1.8754570351146354,16.92499605695195,7.8430810260527934,31.74368753853433,7.144803062672957,34.46797528067333
247600,Świętochłowice,2.1456804065499715,12.378925422403682,8.061503713677627,32.797637145463234,7.257959431872475,37.35829388003301
247500,Sosnowiec,1.2252186255208095,9.16899409367703,26.680097065152697,27.328419028432766,4.942997115516689,30.654274071700016
247400,Siemianowice Śląskie,1.5214135968852949,13.168613357292603,9.260257562144353,28.748128182090447,6.421084156933214,40.88050314465409
247300,Rybnik,2.5650109827818324,12.740026925529655,8.00821937221002,37.1062141288174,8.066321830936017,31.514206759725077
247200,Ruda Śląska,1.9575153065624191,15.260570870102619,7.094196441403892,36.20109804823364,6.996464399666562,32.490154934030876
247100,Piekary Śląskie,1.5680860854483027,9.238611022618668,5.713072103642349,37.75087607518318,6.067041874623907,39.662312838483594
247000,Mysłowice,1.9113305507482439,12.740506973429705,9.101089280260613,35.200549730224985,7.500254504733789,33.54626896060267
246900,Katowice,1.7088391740610658,12.96707373258103,10.314663347912715,26.491195529255496,6.246596980811459,42.27163123537824
246800,Jaworzno,1.7435688035933035,10.132707227439772,16.490404246631275,31.574111882400977,6.790526745610453,33.268681094324215
246700,Jastrzębie-Zdrój,2.565099106101827,9.967764797329737,8.589195491643995,43.71184929471206,7.805034178459569,27.36105713175282
246600,Gliwice,1.7203078989512837,12.975151108126258,10.088340135351553,26.492741643849772,6.731414991992561,41.99204422172858
246500,Dąbrowa Górnicza,1.3446449439225387,9.01033525064121,26.930840327207058,28.0235540513879,5.172178294455995,29.5184471323853
246400,Częstochowa,2.0255151454430083,11.743145309421234,12.527969809304345,31.34956417192666,5.994723307617807,36.359082256286946
246300,Chorzów,1.9664757218100035,12.55814847564492,9.153819537887816,27.824766444965594,6.906693322056053,41.590096497635614
246200,Bytom,1.9722394862233272,12.616532007458048,10.58628547752227,31.865202679372974,7.184586699813549,35.775153649609834
246100,Bielsko-Biała,1.347528134627072,14.852149129241152,9.069094871848607,30.8789320368003,7.438648699624871,36.413647127858
241700,żywiecki,1.7137206189172565,12.98134323858223,6.102340838649766,48.44366188690167,8.047612730496025,22.711320686453046
241600,zawierciański,1.532236973678138,12.14713167084596,12.84709936464471,39.36587542113441,7.158131163177083,26.949525406519697
241500,wodzisławski,2.5533342444988385,11.683212603903929,6.023632319868792,42.22630866145646,8.34834685585776,29.165165314414228
241400,bieruńsko-lędziński,2.2731444655204065,13.262558893715964,6.008688735238328,45.08046258336903,8.811111790980847,24.56403353117543
241300,tarnogórski,1.7761592364224392,15.149284146036837,7.9236948319156495,33.56428223972234,6.932411290640653,34.654168255262086
241200,rybnicki,2.42133726647001,13.087512291052114,6.504424778761061,44.20599803343166,8.834808259587021,24.94591937069813
241100,raciborski,1.9718718283311585,13.697466807514655,6.756560823546469,37.75554588951719,7.692785683216305,32.12576896787423
241000,pszczyński,2.0125376536676707,12.803061141414965,6.892452983798745,42.873890743303754,8.436049824961328,26.982007652853536
240900,myszkowski,1.7466677141435567,12.336659072459213,9.55822662162516,40.78613140597586,6.994526933249536,28.577788252546675
240800,mikołowski,1.7943248427052898,15.777869396095864,6.385000089626615,32.152652051553225,8.26895154785165,35.62120207216735
240700,lubliniecki,2.394621153348849,14.442720455133179,5.060770623222136,39.25006464959917,8.148435479700025,30.703387638996638
240600,kłobucki,1.7858301083172983,24.94973299029252,7.210343112879164,39.57581129872657,6.7217261583032455,19.7565563314812
240500,gliwicki,2.188751912793797,15.333298946029124,7.809356785474803,34.120802599680204,7.671807568645655,32.875982187376415
240400,częstochowski,2.5592404492594114,15.643191492183044,8.68550515163168,41.30587564478273,6.822431145823664,24.983756116319466
240300,cieszyński,2.244014939690185,16.751025572994266,9.413841663775333,33.842888340102455,8.034165357062676,29.714064126375085
240200,bielski,1.6154394498490439,16.313737001006373,7.786816504528682,36.03341999329084,8.473456893659845,29.777130157665212
240100,będziński,1.7023665882184285,10.049338764977838,21.90617272151672,27.5078547791702,5.647078500005973,33.18718864611084
226400,Sopot,0.9503317195624889,10.108481262327416,9.808140577371347,20.647301416532184,4.267527344450421,54.218217679756144
226300,Słupsk,1.3058464801802996,11.217906226523487,9.881125988775464,28.319855053250254,5.868575721419417,43.406690529851076
226200,Gdynia,1.4074832221680325,13.825483071047334,11.384196896530407,20.499522595978817,5.588718153030314,47.294596061245095
226100,Gdańsk,1.163527446575658,14.632865415044538,11.089765092143649,20.224167081728147,5.706841229666223,47.182833734841786
221600,sztumski,1.9925210693754536,14.34950047440978,7.696600993469889,34.36959312384886,5.782218005246413,35.809566333649606
221500,wejherowski,1.7726563998232345,14.316326615693761,7.5867359275595545,28.66266999074483,8.276287593906599,39.38532347227201
221400,tczewski,1.7588388803489077,16.62853465842062,7.441103921638723,32.86740785757695,7.2820219497372465,34.02209273227756
221300,starogardzki,1.6568238815629803,14.657390178788123,6.808510638297872,39.30911738532481,7.290672275705849,30.27748564032036
221200,słupski,1.6520709057833058,13.220797901594958,8.442272708042475,31.651647840250458,7.3190337183229675,37.71417692600584
221100,pucki,1.8744551002615517,15.481096932709837,7.4165808036775775,29.295791392565583,7.430450978838075,38.50162479194738
221000,nowodworski,1.9908705934114281,14.095583787053842,7.100038497497662,29.44508606940549,6.423582467139637,40.944838585491944
220900,malborski,1.9226989846053062,15.954798558794629,9.053390108090403,28.558794628234523,6.675401244677366,37.83491647559777
220800,lęborski,1.5793848711554446,13.343185246759646,8.534220005541702,30.156091253348112,7.496690372833349,38.89042825036175
220700,kwidzyński,2.1019125036171835,13.321758345829057,11.048851708625996,33.07552679346539,7.33696367032331,33.11498697813906
220600,kościerski,1.7004560913237192,14.945559041417312,6.253460230418391,39.015580923255385,7.7219161108328285,30.363027602752368
220500,kartuski,1.7275042993651162,14.77300645228028,6.400558594204584,35.00782290494847,9.071983655947347,33.0191240932542
220400,gdański,1.6273726419926533,17.160585971228286,7.3817154732112815,22.736386120501674,7.317323030542506,43.776616762523595
220300,człuchowski,2.0955128691822944,13.423430263457597,8.985650292308861,32.3399893705869,7.284944195581201,35.87047300888315
220200,chojnicki,1.8621821164889252,13.99712879409352,7.6230516817063165,38.19319114027891,8.320344544708776,30.00410172272354
220100,bytowski,1.711353500617914,12.269625490301435,7.605717049057009,37.921121917145776,7.842136370963408,32.650045671914455
206300,Suwałki,1.8162901307966706,17.829964328180736,5.332936979785969,38.162901307966706,9.343043995243757,27.51486325802616
206200,Łomża,1.0058091286307054,15.495435684647301,3.6116182572614104,45.294605809128626,8.617427385892116,25.975103734439838
206100,Białystok,1.161056536797604,22.76015924469698,6.730307026733881,31.88468317454057,9.848027313177129,27.61576670405384
201400,zambrowski,0.9943049201755205,19.02250023340491,2.982914760526562,53.477733171505925,9.760993371300533,13.761553543086546
201300,wysokomazowiecki,1.0292357667977432,14.299880321422464,2.140536843904941,62.807317490169254,10.538553598905796,9.184475978799794
201200,suwalski,1.5271105010295127,18.840082361015785,4.501258293296728,48.718828643331044,11.53626172500572,14.876458476321208
201100,sokólski,1.1365455418600927,17.51240595485833,3.6369457339522975,51.397470785977276,10.104049943973108,16.2125820393789
201000,siemiatycki,1.0400313971742543,17.759026687598116,4.45447409733124,46.99764521193093,10.150117739403454,19.59870486656201
200900,sejneński,1.5788904509570674,22.23423813128582,5.709959987022819,42.04606899534984,8.370282253703904,20.060560181680547
200800,moniecki,1.1389648819161409,17.637206186142592,3.076321813410753,53.564848417173806,11.540394171179722,13.042264530176986
200700,łomżyński,1.0796873741036177,13.629038755942311,2.304407380549512,60.764644267182334,10.68809926677947,11.534122955442752
200600,kolneński,1.1165104709013074,15.602221450885109,2.9445794284391993,60.22793011685758,9.707277565660071,10.40148096725674
200500,hajnowski,1.0652586725950628,24.755685239220046,8.160807743967395,26.636098374322636,10.045852438516048,29.336297531378815
200400,grajewski,1.0644870028037827,17.017535522501547,3.7637219027705178,53.65679798507818,9.637409114669962,14.860048472176022
200300,bielski,0.8575441709174243,18.52960745176314,5.233976491461521,42.95113476750203,9.924595253936571,22.50314186441931
200200,białostocki,1.2424137643229323,19.63896076023322,4.278100370816392,42.02387056004006,10.566478675076606,22.250175869510784
200100,augustowski,1.4281077572216814,17.865772296152045,6.7113851923978505,47.5927729092286,9.36925240722709,17.032709437772727
186400,Tarnobrzeg,1.1234056930483993,13.14300194273165,6.0013514654953966,38.99822620153729,7.221893741025425,33.51212095616184
186300,Rzeszów,2.0708960059439985,14.796063828868133,8.645580447009426,33.27688838587609,9.987299886822122,31.22327144548023
186200,Przemyśl,1.827345035655513,11.694322545255075,6.167718047174986,41.363823368074605,8.413329676357652,30.53346132748217
186100,Krosno,2.065439672801636,14.08997955010225,6.441717791411043,40.95705521472392,8.139059304703476,28.30674846625767
182100,leski,1.7183570829840737,20.32690695725063,4.592264399473117,44.55155071248952,8.250508921087295,20.560411926715364
182000,tarnobrzeski,1.3219616204690832,16.662143826322932,3.962008141112619,55.74336111649545,8.416359759643342,13.894165535956581
181900,strzyżowski,1.6973079448456991,11.004596191726854,4.300722258699934,60.344714379514116,10.659881812212738,11.992777413000656
181800,stalowowolski,1.400269884419064,10.122621399096474,5.031975436606497,54.000352023155294,9.003970038918116,20.44081121780455
181700,sanocki,1.9804379433405295,16.18495836454157,5.209939639599947,50.88778252632507,8.168480415913997,17.56840111027889
181600,rzeszowski,2.0085543567037787,12.509134677384687,4.280402355672097,56.068649787215755,10.375918841078107,14.757339981945577
181500,ropczycko-sędziszowski,1.2809345698621715,11.676999538863555,3.573807449915458,62.7452989701286,10.580519547061536,10.142439924168674
181400,przeworski,1.9430726853115616,12.94637317914485,3.9779636201206046,60.41640816934263,8.970891133334987,11.745291212745364
181300,przemyski,2.47887795220701,12.932548866519811,3.4129883166494714,57.71407857680618,9.458215988623373,14.003290299194154
181200,niżański,1.0520946247529173,9.58362558184021,4.09041637441816,62.22342664031116,10.00765159727093,13.042785181406618
181100,mielecki,1.5226679666217418,13.269578183695122,4.612450893241189,54.4977489748516,8.69010409199094,17.407449889599402
181000,łańcucki,1.8069815195071868,12.391056354095369,3.969883641341547,57.67967145790555,10.25325119780972,13.899155829340634
180900,lubaczowski,1.441461679583661,15.90475120745816,7.005129357145531,55.88378449211876,8.251900108577633,11.512973155116253
180800,leżajski,0.8196001522114569,17.51309896671838,2.318297573398121,62.97456312384744,8.541404443403684,7.833035740420923
180700,krośnieński,2.404958538109473,13.3708263667224,4.075256286838594,56.86443397341711,8.68081944233335,14.60370539257908
180600,kolbuszowski,1.2166261124629179,8.433052231592281,4.48651711609613,62.57124762507916,12.60291323622546,10.68964367854405
180500,jasielski,2.0371075495863478,11.904184983903908,3.9669078195853094,59.25438748312506,8.880542767143202,13.956869396656165
180400,jarosławski,2.630491212406792,11.692541705933898,3.9134963543475023,58.80495345799647,8.699965279500024,14.258551989815322
180300,dębicki,1.2456538605212495,11.794201316054137,3.935231746214189,57.19088531938738,9.172150225568231,16.66187753225482
180200,brzozowski,1.5782229698730692,12.457562318397308,3.095274506805322,65.92139470867106,8.5242391803028,8.423306315950452
180100,bieszczadzki,1.5960823433390767,29.8993379885735,4.189716151265077,37.852543756234695,9.240954021946132,17.221365738641516
166100,Opole,1.422391465651206,12.552324686051882,10.845734925590445,22.252866482801103,6.140363157821053,46.78631928208431
161100,strzelecki,2.0420964594368556,15.235572902146641,6.945218845832171,30.816141622525787,7.279760245330359,37.681209924728186
161000,prudnicki,1.8828729281767955,12.039779005524862,6.837569060773481,41.38342541436464,8.022099447513813,29.83425414364641
160900,opolski,1.7048586502874243,15.48350263800299,8.146310733128592,28.62036380817387,7.41987558075439,38.62508858965273
160800,oleski,2.1198364161632837,16.32086444302705,7.488838029490114,37.47045360747383,6.84725922035043,29.75274828349529
160700,nyski,1.391683433936955,11.520638985427718,6.546856898969574,42.04621669410402,7.030059142735199,31.464544844826538
160600,namysłowski,1.571618951334957,18.096594825605443,7.922430035384403,37.59018427461973,7.439915445062267,27.3792564679932
160500,krapkowicki,2.4870160030401554,17.34577545074526,7.596166026263565,28.020098805050036,7.456825571084743,37.09411814381624
160400,kluczborski,1.1272865590096477,18.45153705176528,6.404094194128428,35.761955807600536,6.891662920571251,31.363463466924856
160300,kędzierzyńsko-kozielski,1.8824423612870536,12.148467190271091,7.91233848492526,29.576893843425385,6.3871294654167725,42.09272865467444
160200,głubczycki,1.93845864307895,9.00065869953891,5.420156205890656,46.240707631504655,6.299990590006586,31.100028229980236
160100,brzeski,1.6391619589875894,11.632044837863084,7.555268893732485,38.14776922734754,7.597526800409235,33.42822828166007
146501,Warszawa,1.509162425007615,13.92750405036133,13.077347554111505,22.31526158491632,6.452589803242938,42.71813458236029
146400,Siedlce,2.3417618080362352,14.029558030398542,5.797202960472555,40.88393920291378,8.748336485256006,28.199201512922883
146300,Radom,1.6308621675722046,13.007577923934802,6.364383757506434,40.32742350586217,6.9273663139834145,31.742386331140978
146200,Płock,1.7655751730574785,17.627751419460218,7.757641751575017,34.924165824064715,5.360504005600062,32.56436182624252
146100,Ostrołęka,1.6192476608745465,15.596715676914263,7.1109413786519,41.81401565781936,7.802176818789383,26.056902806950543
143800,żyrardowski,2.588732952918108,14.908898631827094,9.191654365595188,36.37885831368834,6.880521712309149,30.05133402366212
143700,żuromiński,1.1405037224774275,19.12455779080205,11.737684143830192,49.13142193357622,5.470193780030624,13.395638629283487
143600,zwoleński,1.9320453031312457,15.217632689318233,5.435265378636465,57.073062402842545,7.722629358205641,12.619364867865867
143500,wyszkowski,1.8644027490428288,20.322941190459204,4.701433973032746,46.541104848873985,8.292311716724928,18.277805521866306
143400,wołomiński,2.8353879622915157,14.439976267387436,6.873228294548092,38.40002636956952,8.139626870591337,29.311754235612103
143300,węgrowski,1.649770865157617,14.286904596583808,4.341063741147063,54.68962644077211,7.968337730870713,17.064296625468685
143200,warszawski zachodni,2.0609066966682863,14.551637730445677,7.220844306937021,29.67986908384259,6.999667595694086,39.487074586412334
143000,szydłowiecki,1.825091254562728,10.48052402620131,4.070203510175509,57.32286614330716,8.565428271413571,17.735886794339716
142900,sokołowski,1.4398039415909323,17.185744919840705,3.5399434970557198,54.8521052452432,8.478845433813268,14.503556962456177
142800,sochaczewski,2.4298440048513235,20.080715988457197,5.909414077202961,41.4516331395592,6.913136213458242,23.21525657647108
142700,sierpecki,1.8694174373567307,19.389771559560508,5.608252312070192,50.63631333491424,6.825547387558297,15.670697968540036
142600,siedlecki,2.1801931931028258,13.37455989888959,3.6539676807799943,59.54906563148867,10.034305317324185,11.207908278414733
142500,radomski,2.13533205336484,12.146162555998622,4.44542903559297,56.38507359818835,8.223797568059863,16.664205188795354
142400,pułtuski,1.2951167728237793,20.46001415428167,5.785562632696391,46.847133757961785,7.689313517338996,17.922859164897382
142300,przysuski,1.258794608798847,13.164363821310502,3.5475120793422055,65.0377214546071,6.989065016529626,10.002543019411716
142200,przasnyski,1.7238677323303557,13.947657107036516,4.9365303244005645,53.11471556182417,7.443974298699263,18.83325497570914
142100,pruszkowski,1.9990632318501171,16.4711943793911,7.462295081967213,28.298829039812645,6.557377049180328,39.211241217798595
142000,płoński,2.390768541339906,15.821196504593324,5.7920681156172975,47.891552767196956,6.7667488236612146,21.337665247591307
141900,płocki,2.5514587127590116,21.066286381911276,5.197415896360949,48.43132538400742,6.742036356138964,16.01147726882238
141800,piaseczyński,1.9014550264550265,15.537367724867726,7.7719907407407405,27.127149470899468,6.820436507936507,40.84160052910053
141700,otwocki,2.5693611422822427,15.623831082562653,6.207999587251222,38.25923202930516,7.456564640328136,29.88301151827058
141600,ostrowski,1.4942741530242523,15.577477453651053,5.006479595884795,54.642828806431986,7.675015207214832,15.603924783793078
141500,ostrołęcki,2.1199259493385108,14.259267620896734,4.657515690612724,55.59217952770127,9.868153700275432,13.502957511175328
141400,nowodworski,2.3565301971880803,14.59014943850031,7.217702714652047,37.726589442037316,6.833053320364312,31.275974887257934
141300,mławski,1.3977723864137628,16.77878253198059,5.679311865902073,48.191442434936036,7.443758270842523,20.50893250992501
141200,miński,2.0749867321560505,15.461460815634204,6.124020520931975,39.0563701260185,7.769233170650488,29.51392863460878
141100,makowski,2.854039965247611,19.12684622067767,4.100781928757602,52.05907906168549,7.4543874891398785,14.404865334491745
141000,łosicki,1.3209704051822686,16.334307125619205,4.7186587069732,58.1671535628096,9.335704305855455,10.12320589356027
140900,lipski,2.527420123986648,13.83524082021936,5.621125417262756,57.427277062470196,7.057701478302336,13.531235097758703
140800,legionowski,2.292573607068339,14.660879420931968,7.327219803714484,29.231601452821927,6.569897735761572,39.917827979701705
140700,kozienicki,1.5671058172411718,14.221259700415088,5.047223726162546,52.027311556277446,7.209889911568309,19.92720928833544
140600,grójecki,1.4810207443768282,21.487408802071077,6.831859597216152,41.12564300843896,7.403422654069865,21.670645193827117
140500,grodziski,2.2670766814969903,16.891847683852397,7.1120125621565045,29.43437581784873,7.406438105208061,36.88824914943732
140400,gostyniński,2.1540975148336057,14.029581219365381,5.129417834723536,48.99819416974805,6.3161062860091155,23.37260297532032
140300,garwoliński,1.829596412556054,14.842233999184673,3.9820627802690587,56.771300448430495,8.345699143905422,14.229107215654302
140200,ciechanowski,1.751958446866485,15.039594686648503,6.594856948228883,47.513623978201636,6.867336512261581,22.232629427792915
140100,białobrzeski,1.4592772099884102,13.122958592350647,4.346222737330102,57.90749130755452,7.486039405752819,15.678010747023496
126300,Tarnów,1.2538033784492708,21.097821145035496,5.531074039100479,37.69978666107089,6.623998880844963,27.7935158954989
126200,Nowy Sącz,2.065329512893983,11.860171919770773,4.378223495702006,44.602865329512895,8.479083094555874,28.614326647564468
126100,Kraków,1.4144087555926876,17.616483411493746,13.154529949973268,25.401016796866266,7.606868359159812,34.80669272691422
121900,wielicki,1.468853457133072,22.370206882555145,5.455560206502024,37.616855029998604,8.445273158542308,24.643251265268844
121800,wadowicki,1.9171532343340534,16.238333869707137,5.161831639924601,44.69104868741667,8.073192037147717,23.918440531469816
121700,tatrzański,2.732819690780288,12.549769895030765,4.1677439371218785,47.06810072909665,8.366513263353845,25.11505248461658
121600,tarnowski,1.6627474034881442,16.787184009406232,3.259847148736038,57.534783460709384,8.346070938663532,12.409367038996669
121500,suski,1.5051569760852317,13.342400544032643,4.311458687521251,51.839510370622236,9.323359401564094,19.678114020174544
121400,proszowicki,1.1875747773297294,20.521114902290954,4.072317986440377,54.23848983028316,8.45482341472061,11.525679088935172
121300,oświęcimski,2.286056113352726,14.26879046636014,8.243408088580276,39.22187294735854,6.990710331237684,28.989162053110633
121200,olkuski,2.4244204068980144,14.711304716688693,10.143083223206565,42.433883151420225,7.214526944349273,23.072781557437228
121100,nowotarski,2.8271869545042754,11.084473120180304,3.2912035707183422,55.25001657202201,9.692423271538104,17.854696511036966
121000,nowosądecki,3.0137057870813817,10.194876438933491,2.779470925271242,61.64556521133383,9.629752181257729,12.736629456122325
120900,myślenicki,1.4963908939478068,17.0988339811216,3.8173237090505276,50.60244308717379,9.73070516379789,17.254303164908386
120800,miechowski,1.6230304466295462,15.30624333609762,6.057734075741421,54.104963866840414,7.803182877226238,15.104845397464755
120700,limanowski,2.2084675155848377,14.227257954914762,2.5984577658285817,62.343782314533044,8.950571690253199,9.671462758885575
120600,krakowski,1.525739784215951,16.76347756668037,6.654632327095733,40.37044318540628,8.707619166770925,25.978087969830742
120500,gorlicki,2.1641418345263856,14.958474372491354,3.9620442816713832,53.48759780256368,8.27738009359451,17.150361615152693
120400,dąbrowski,1.411911397975649,15.53835998239695,2.55977702801819,63.227959512982245,7.257591315828077,10.004400762798884
120300,chrzanowski,1.654856740460367,14.799818083124276,8.604374807446856,36.18238633862946,6.81748162492848,31.941082405410558
120200,brzeski,1.3374507507187734,17.201575976999255,3.575764029389841,54.066659567671174,9.532531146842722,14.286018528378234
120100,bocheński,1.1995692991015847,19.263770651771594,3.474208418856624,53.215114909653764,8.26743833910966,14.579898381506782
106300,Skierniewice,1.8770512962348342,16.015783456872075,10.144927536231885,33.72423203156691,6.825976324814692,31.412029354279603
106200,Piotrków Trybunalski,1.4492010157231898,12.499038140918769,8.39510606099469,36.322363864878035,6.09946905378716,35.23482186369816
106100,Łódź,1.1975045765736074,11.755421727074006,12.979703443179682,25.18724687235286,5.3693314211709335,43.51079195964891
102100,brzeziński,1.7935432443204464,14.365427318795193,7.766326937311393,45.57307976997097,7.396230712292888,23.105392017309114
102000,zgierski,1.6733191643771708,13.650925301954278,9.516354776838941,33.951583640039395,6.846716085221087,34.36110103156913
101900,zduńskowolski,1.4039275868928864,16.554409298888796,5.610026430215704,40.6172734248444,6.380197231932248,29.434166027225967
101800,wieruszowski,1.5781857646739623,17.88007596997377,7.280455819842634,44.33390612281812,8.795333273039702,20.132043049651806
101700,wieluński,1.4190418435415404,15.987871437234688,6.338386901152214,47.03941782898727,6.454821103699211,22.76046088538508
101600,tomaszowski,1.8121313440368418,14.545942024414094,6.341671135223796,44.12989307005646,6.914172160363373,26.25619026590543
101500,skierniewicki,2.017067494181536,16.045269931091134,6.576005111121253,54.2965363026514,8.75279514443481,12.312326016519874
101400,sieradzki,1.986956104734806,14.93653889190831,6.333322676556157,46.83653569487515,7.118194315675054,22.788452316250517
101300,rawski,1.626047811238746,18.220273207078545,4.994566904687985,49.91850357031978,8.84042222912139,16.400186277553555
101200,radomszczański,2.4299793409421886,10.615707657398312,6.311172824872151,47.72073017915806,6.3365733057879225,26.585836691841365
101100,poddębicki,1.7434342533553309,20.56895706068578,6.11316716457841,47.786150622018106,6.081954786641102,17.706336112721274
101000,piotrkowski,1.6738307945248898,16.292613354990788,5.132420814927798,53.8616960164808,7.873937761226552,15.165501257849176
100900,pajęczański,1.3697639958075825,16.661245437131807,6.071777079041526,53.991832014167485,6.610285879504138,15.295095594347465
100800,pabianicki,1.540292960527271,12.9944979167574,11.264027408794623,32.1211329355574,6.425387976714138,35.65466080164917
100700,opoczyński,1.4518795371235536,15.005151057763722,4.492201538129806,58.547162126548315,7.659503102613863,12.844102637820743
100600,łódzki wschodni,1.4586242823258184,13.52885105628339,8.853716388464012,36.8069872093281,7.259870098202212,32.091950965396464
100500,łowicki,1.7272088118115771,16.976798687602532,6.501054605108976,47.35176939301617,9.791422545113663,17.65174595734708
100400,łęczycki,1.8445627845951995,12.445010419078491,5.873273134213167,50.358879370224585,7.25090684572046,22.227367446168095
100300,łaski,1.4070960387574807,15.538614990025648,7.4344542604730695,42.56910800797948,6.868053576517526,26.18267312624679
100200,kutnowski,1.8753034471597347,10.978718239197281,9.421022819226412,45.533257808706914,5.807978637319955,26.383719048389707
100100,bełchatowski,4.29192262449353,11.554045222846687,7.146124689583061,47.49705920794668,10.658737419945105,18.852110835184945
86200,Zielona Góra,2.016636942992904,14.32223788084756,12.052430066223515,21.116695558908997,5.754336954217228,44.7376625968098
86100,Gorzów Wielkopolski,2.094983320709716,14.903389038402656,9.736837864406233,26.263033213543263,6.5379594862456285,40.4637970766925
81200,wschowski,1.911550299692208,16.43177277390788,7.181813272854906,39.08418381122091,6.690426048922728,28.70025379340137
81100,żarski,2.0369205405757174,14.056704049979393,9.440551855788629,29.447493438035533,7.115121803075988,37.90320831254474
81000,żagański,2.3126127603739546,15.401016893554207,8.340167295391176,33.40987370838117,6.380186977201903,34.156142365097594
80900,zielonogórski,3.075818936791921,15.791767057979186,8.819910801250833,26.321320551596862,7.158968575383195,38.832214076998
80800,świebodziński,2.548474479612204,16.29954376960365,8.041060735671515,29.530225263758197,7.0858283433133735,36.49486740804106
80700,sulęciński,4.537281227523375,13.617837449052987,6.982737952529369,33.48717333972668,6.9527691201150805,34.4222009110525
80600,strzelecko-drezdenecki,1.8255753590586608,20.470669666032183,7.834400415296765,32.566187921785776,5.762242602526388,31.54092403530023
80500,słubicki,2.1929284218307257,14.102090263233544,13.264342326803828,25.637550819268203,6.89088743788756,37.91220073097614
80400,nowosolski,2.239601848560256,14.819291385235218,7.794762412608129,31.90899395662993,6.382272781135205,36.85507761583126
80300,międzyrzecki,2.9534826482894414,17.7666045497697,9.212053022045637,29.26057452269611,6.845750852642313,33.9615344045568
80200,krośnieński,2.211156118770672,14.370656657623842,6.860158311345646,27.37374112750381,5.905087517187558,43.27920026756848
80100,gorzowski,2.348966718572673,15.04130486420861,10.066246140040645,26.9260207448072,7.833408113172689,37.78405341919818
66400,Zamość,1.7128479726460435,14.94467920389665,7.58040063223767,43.2276378181349,7.009451308022322,25.52498306506242
66300,Lublin,1.5002460721070652,18.25167090898507,7.819271944075483,33.732516973683516,7.798104450994607,30.898189650154258
66200,Chełm,1.752638916550488,10.993825931089424,7.687711611232823,40.446790148044876,6.897696342030141,32.221337051052245
66100,Biała Podlaska,1.723035503954232,11.795389533905434,6.717146222446575,42.36580851421841,7.571933366986371,29.826686858488976
62000,zamojski,2.751689549001762,12.32547781801282,4.506109486648206,59.044170329776726,8.388683410468428,12.983869406092058
61900,włodawski,1.7590904215381316,16.57191891022203,7.073903250026816,46.78751474847152,7.358146519360721,20.449426150380777
61800,tomaszowski,2.692595362752431,12.281742449642792,4.425760193949397,57.74379078224538,8.106156345910815,14.749954865499188
61700,świdnicki,1.5188801566510546,17.961948612103413,5.726231113228017,46.79950252705671,8.28768754465349,19.705750046307323
61600,rycki,1.4863914833785277,17.441665829734525,5.396538448662582,52.271433832144886,7.602691573767199,15.801278832312276
